
tempo_medio_vizinho: 0.000039
        tempos_vizinho = [3.699993249028921e-05, 3.060000017285347e-05, 2.829998265951872e-05, 3.499991726130247e-05, 3.750005271285772e-05, 4.269997589290142e-05, 4.339998122304678e-05, 4.6200002543628216e-05, 4.4899992644786835e-05, 4.509999416768551e-05]
        melhor_cam_vizinho = [[0, 13, 8, 7, 10, 12, 9, 3, 11, 1, 6, 5, 4, 2, 0], [0, 4, 2, 6, 3, 9, 5, 7, 13, 11, 1, 12, 8, 10, 0], [0, 1, 13, 5, 10, 9, 3, 4, 12, 11, 7, 8, 6, 2, 0], [0, 5, 13, 9, 3, 10, 11, 2, 1, 7, 4, 12, 6, 8, 0], [0, 2, 4, 12, 11, 9, 13, 8, 5, 1, 3, 6, 7, 10, 0], [0, 12, 7, 8, 6, 13, 1, 5, 11, 3, 10, 4, 9, 2, 0], [0, 10, 2, 12, 4, 13, 1, 5, 11, 8, 7, 9, 6, 3, 0], [0, 13, 2, 9, 4, 8, 7, 6, 10, 1, 12, 5, 11, 3, 0], [0, 11, 1, 5, 7, 3, 8, 12, 9, 2, 13, 4, 6, 10, 0], [0, 4, 1, 10, 13, 7, 12, 11, 3, 9, 8, 2, 5, 6, 0]]
        menor_dist_vizinho = [164.87976625765342, 151.48906111995333, 114.56372944631835, 169.74340177897227, 140.69625843484712, 145.99804284135365, 167.09052103543635, 161.8362106117831, 175.3835044464993, 167.83310887727507]

Tempo Medio Insercao Mais Barata: 0.000193
        tempos_insercao = [0.00012860004790127277, 0.0002457000082358718, 0.00018209998961538076, 0.00022559997159987688, 0.00023470004089176655, 0.00014500005636364222, 0.00019689998589456081, 0.0002715999726206064, 0.00014859996736049652, 0.00014939997345209122]
        melhor_cam_insercao = [[10, 2, 9, 4, 6, 5, 1, 11, 3, 8, 7, 13, 0, 12], [8, 0, 4, 2, 6, 3, 5, 7, 9, 13, 11, 10, 1, 12], [4, 9, 10, 5, 13, 0, 1, 2, 6, 8, 3, 11, 7, 12], [6, 3, 5, 9, 13, 0, 2, 1, 7, 4, 11, 10, 12, 8], [12, 0, 2, 4, 9, 10, 13, 8, 5, 3, 6, 7, 1, 11], [6, 12, 0, 2, 9, 4, 10, 1, 11, 5, 3, 8, 7, 13], [4, 12, 3, 8, 7, 6, 9, 0, 10, 2, 11, 1, 5, 13], [3, 2, 0, 13, 5, 9, 4, 8, 7, 6, 10, 1, 12, 11], [2, 13, 7, 4, 1, 5, 3, 8, 11, 0, 10, 6, 12, 9], [11, 7, 6, 10, 1, 4, 0, 5, 2, 8, 13, 9, 3, 12]]
        menor_dist_insercao = [150.0061715054017, 138.83727236253583, 126.74357123131357, 187.028449925964, 139.4865999191738, 149.93498917850076, 137.70988521233366, 151.04287950284032, 165.08251631297222, 135.428937153218]

tempo_medio_pd: 0.283021
        tempos_pd = [0.24449030007235706, 0.26343399996403605, 0.32607319997623563, 0.2597474999492988, 0.28797489998396486, 0.2760250000283122, 0.34214059996884316, 0.2850799000589177, 0.27928240003529936, 0.2659616000019014]
        melhor_cam_pd = [[0, 10, 12, 2, 9, 3, 4, 11, 1, 6, 5, 7, 13, 8, 0], [0, 4, 2, 6, 3, 9, 5, 7, 13, 11, 10, 1, 12, 8, 0], [0, 2, 6, 8, 7, 12, 11, 3, 4, 9, 10, 5, 13, 1, 0], [0, 5, 11, 2, 1, 7, 4, 10, 3, 12, 6, 8, 9, 13, 0], [0, 7, 6, 3, 5, 1, 13, 8, 10, 9, 11, 12, 4, 2, 0], [0, 2, 9, 4, 10, 5, 3, 11, 1, 13, 6, 8, 7, 12, 0], [0, 9, 6, 7, 8, 3, 4, 13, 5, 1, 11, 12, 2, 10, 0], [0, 13, 9, 4, 8, 5, 7, 6, 10, 1, 12, 11, 3, 2, 0], [0, 10, 6, 8, 12, 9, 2, 13, 3, 5, 7, 4, 1, 11, 0], [0, 4, 10, 1, 13, 6, 7, 12, 11, 3, 9, 8, 2, 5, 0]]
        menor_dist_pd = [132.08033299325996, 132.05595534638672, 112.8125746858551, 149.2433262580464, 122.96375671110323, 142.4051663709629, 129.38259879226092, 144.9606900876839, 141.63650776612127, 130.11707769466602]

tempo_medio_forca_bruta: 7602.910182
        tempos_pd = [11879.17813080002, 6516.605160800042, 5960.497180099948, 5960.819764600019, 6002.204902800033, 12621.028017899953, 6842.403346300009, 7208.298191300011, 6654.466399000026, 6383.600728300051]
        melhor_cam_pd = [[0, 8, 13, 7, 5, 6, 1, 11, 4, 3, 9, 2, 12, 10, 0], [0, 4, 2, 6, 3, 9, 5, 7, 13, 11, 10, 1, 12, 8, 0], [0, 1, 13, 5, 10, 9, 4, 3, 11, 12, 7, 8, 6, 2, 0], [0, 5, 11, 2, 1, 7, 4, 10, 3, 12, 6, 8, 9, 13, 0], [0, 2, 4, 12, 11, 9, 10, 8, 13, 1, 5, 3, 6, 7, 0], [0, 12, 7, 8, 6, 13, 1, 11, 3, 5, 10, 4, 9, 2, 0], [0, 9, 6, 7, 8, 3, 4, 13, 5, 1, 11, 12, 2, 10, 0], [0, 2, 3, 11, 12, 1, 10, 6, 7, 5, 8, 4, 9, 13, 0], [0, 10, 6, 8, 12, 9, 2, 13, 3, 5, 7, 4, 1, 11, 0], [0, 5, 2, 8, 9, 3, 11, 12, 7, 6, 13, 1, 10, 4, 0]]
        menor_dist_pd = [132.08033299325996, 132.05595534638672, 112.8125746858551, 149.2433262580464, 122.96375671110323, 142.4051663709629, 129.38259879226092, 144.9606900876839, 141.63650776612127, 130.11707769466602]
